t 2 4 255 255 255 1 0 1 0 0 0 1 1 0 -0 -0 -0 -0
-6.8220 -3.8416 -16.5900
-6.8220 -3.8416 -32.7600
6.8220 -3.8416 -32.7600
6.8220 -3.8416 -16.5900
0 1 2
0 2 3

t 12 8 226 78 27 1 0 1 0 0 0 1 1 0 -0 -0 -0 -0
1.06 -3.84 -26.5900
-0.71 -3.84 -30.7600
2.99 -3.84 -30.7600
4.75 -3.84 -26.5900
2.99 0.26 -30.7600
4.75 0.26 -26.5900
1.06 0.26 -26.5900
-0.71 0.26 -30.7600
0 1 2
0 2 3
2 3 4
3 4 5
4 5 6
4 6 7
1 2 4
1 7 4
3 5 0
0 6 5
0 1 6
1 7 6



l 0 3.7 -20 255 255 255 1 2 4 -0 -0 0 0 30 -0 -0 -0 -0
-6.8220 2.0 -32.760
-6.8220 -3.8415 -32.760
6.8220 2.0 -32.760
6.8220 -3.8415 -32.760
0 1 2
1 2 3

l 0 3.7 -20 255 255 255 1 2 4 -0 -0 0 0 30 -0 -0 -0 -0
6.8220 2.0 -16.5900
6.8220 -3.8416 -16.5900
6.8220 2.0 -32.760
6.8220 -3.8415 -32.760
0 1 2
1 2 3

l 0 3.7 -20 255 255 255 1 2 4 -0 -0 0 0 30 -0 -0 -0 -0
-6.8220 2.0 -16.5900
-6.8220 -3.8415 -16.5900
6.8220 2.0 -16.5900
6.8220 -3.8415 -16.5900
0 1 2
1 2 3

l 0 3.7 -20 255 255 255 1 2 4 -0 -0 0 0 30 -0 -0 -0 -0
-1.16 2.0 -26.5900
-1.16 2.0 -30.7600
2.75 2.0 -30.7600
2.75 2.0 -26.5900
0 1 2
0 2 3


c 960 480 5.5 0 1 0   -14 3 -14   0 -1.5 -26.5 1 3 50
a 51 51 51 0 3 12
n 0 0 0 0 0 0 0 0 0 0 0
