t 2 4 255 255 255 1 0 1 0 0 0 1 1 0 -0 -0 -0 -0
6.8220 -3.8416 -32.7600
-6.8220 -3.8416 -32.7600
-6.8220 3.8416 -32.7600
6.8220 3.8416 -32.7600
0 1 2
0 2 3

t 2 4 255 255 255 1 0 1 0 0 0 1 1 2.3 -0 -0 -0 -0
-6.8220 3.8416 -32.7600
-6.8220 3.8416 -16.5900
6.8220 3.8416 -16.5900
6.8220 3.8416 -32.7600
0 1 2
0 2 3

t 6 5 252 73 3 1 0 1 0 0 0 1 1 2.3 -0 -0 -0 -0
-0.8220 2.0416 -30.7600
-0.8220 2.0416 -18.5900
5.8220 2.0416 -18.5900
5.8220 2.0416 -30.7600
3.3220 0.7000 -26.1750
2 0 1
3 1 2
0 1 4
1 2 4
2 3 4
0 3 4

t 10 8 255 255 255 1 0 1 0 0 0 1 1 0 -0 -0 -0 -0
-0.56 -1.53 -25.8
-0.56 -3.8416 -25.8
0.17 -3.8416 -20.67
0.17 -1.53 -20.67
-2.82 -1.53 -24.2
-2.82 -3.8416 -24.2
-2.09 -3.8416 -19.0
-2.09 -1.53 -19.0
0 1 2
0 2 3
5 4 7
5 7 6
0 3 7
0 7 4
3 2 6
3 6 7
0 4 5
0 5 1

t 10 8 255 255 255 1 0 1 0 0 0 1 1 0 -0 -0 -0 -0
2.73 0.8000 -29.0
2.73 -3.8416 -29.0
2.02 -3.8416 -24.0
2.02 0.8000 -24.0
0.56 0.8000 -30.6
0.56 -3.8416 -30.6
-0.15 -3.8416 -25.6
-0.15 0.8000 -25.6
0 1 2
0 2 3
5 4 7
5 7 6
0 3 7
0 7 4
3 2 6
3 6 7
0 4 5
0 5 1

t 2 4 255 255 255 1 0 1 0 0 0 1 1 0 -0 -0 -0 -0
-6.8220 -3.8416 -16.5900
-6.8220 -3.8416 -32.7600
6.8220 -3.8416 -32.7600
6.8220 -3.8416 -16.5900
0 1 2
0 2 3

t 2 4 135 2 196 1 0 1 0 0 0 1 1 0 -0 -0 -0 -0
6.8220 -3.8416 -16.5900
6.8220 -3.8416 -32.7600
6.8220 3.8416 -32.7600
6.8220 3.8416 -16.5900
0 1 2
0 2 3

t 2 4 188 245 66 1 0 1 0 0 0 1 1 0 -0 -0 -0 -0
-6.8220 -3.8416 -32.7600
-6.8220 -3.8416 -16.5900
-6.8220 3.8416 -16.5900
-6.8220 3.8416 -32.7600
0 1 2
0 2 3

s 2 -2.6 -20 1.3 255 255 255 0 0 0 0.4 0.6 44 1 1 1.5

s -5.5 -2.6 -20 1.3 255 255 255 0 0 0 0.3 0.7 44 1 1 1.5

s 5 -2.95 -18 0.8 255 255 255 0 0 0 0.4 0.6 44 1 1 1.5

l 0 3.7 -20 255 255 255 1 2 4 -0 -0 0 0 30 -0 -0 -0 -0
-6.8020 3.0000 -23.3240
-6.8020 3.0000 -26.4880
-6.8020 2.3000 -26.4880
-6.8020 2.3000 -23.3240
0 1 2
0 2 3

l 0 3.7 -20 255 255 255 1 2 4 -0 -0 0 0 30 -0 -0 -0 -0
-0.9100 3.8360 -23.3240
-0.9100 3.8360 -26.4880
0.9100 3.8360 -26.4880
0.9100 3.8360 -23.3240
0 1 2
0 2 3

c 480 270 5.5 0 1 0 0 0 5.7 0 0 0 1 3 30
a 51 51 51 0 3 12
n 0 0 0 0 0 0 0 0 0 0 0
